
-- 2025-12-08 23:31:58 --写入特征标:(5, 1, 1, 5)
[(6, 2, 2, 6), (6, 1, 1, 6), (5, 2, 2, 5), (5, 1, 1, 5)]


-- 2025-12-09 14:33:39 --写入特征标:(2, 1, 1, 4)
[(3, 2, 3, 4), (2, 2, 2, 4), (2, 1, 1, 4)]


-- 2025-12-09 14:34:21 --写入特征标:(2, 1, 1, 2)
[(4, 3, 3, 4), (4, 2, 2, 4), (3, 3, 3, 3), (3, 2, 2, 3), (3, 2, 3, 2), (3, 2, 2, 3), (2, 3, 2, 3), (2, 2, 2, 2), (3, 1, 1, 3), (2, 1, 1, 2)]


-- 2025-12-09 14:45:09 --写入特征标:(0, 0, 0, 0)
[(0, 0, 0, 0), (0, 1, 1, 0), (0, 1, 0, 1), (1, 0, 1, 0), (1, 0, 0, 1), (1, 1, 1, 1)]


-- 2025-12-09 15:23:44 --写入特征标:(2, 0, 2, 0)
[(2, 0, 2, 0), (2, 1, 2, 1), (3, 0, 3, 0), (3, 1, 3, 1), (2, 0, 0, 2), (3, 0, 0, 3), (2, 1, 1, 2), (3, 1, 1, 3)]


-- 2025-12-09 15:25:12 --写入特征标:(2, 0, 1, 0)
[(2, 1, 1, 1), (2, 0, 0, 1), (2, 0, 1, 0)]


-- 2025-12-09 15:31:19 --写入特征标:(1, 0, 1, 0)
[(1, 1, 1, 1), (2, 1, 2, 1), (2, 1, 1, 2), (1, 0, 0, 1), (2, 0, 0, 2), (1, 0, 1, 0), (2, 0, 2, 0)]


-- 2025-12-09 16:23:22 --写入特征标:(0, 1, 0, 2)
[(1, 0, 0, 2), (0, 1, 0, 2), (1, 1, 1, 2)]


-- 2025-12-09 16:23:51 --写入特征标:(0, 1, 0, 1)
[(2, 0, 0, 2), (1, 0, 0, 1), (0, 2, 0, 2), (0, 1, 0, 1), (2, 1, 1, 2), (1, 2, 1, 2), (1, 1, 1, 1)]


-- 2025-12-09 16:24:37 --写入特征标:(0, 2, 0, 2)
[(0, 2, 0, 2), (0, 3, 0, 3), (1, 2, 1, 2), (1, 3, 1, 3), (2, 0, 0, 2), (3, 0, 0, 3), (2, 1, 1, 2), (3, 1, 1, 3)]


-- 2025-12-09 16:26:46 --写入特征标:(0, 2, 2, 0)
[(0, 2, 2, 0), (1, 2, 2, 1), (0, 3, 3, 0), (1, 3, 3, 1), (0, 2, 0, 2), (0, 3, 0, 3), (1, 2, 1, 2), (1, 3, 1, 3), (2, 0, 2, 0), (2, 1, 2, 1), (3, 0, 3, 0), (3, 1, 3, 1), (2, 0, 0, 2), (3, 0, 0, 3), (2, 1, 1, 2), (3, 1, 1, 3)]


-- 2025-12-09 16:28:18 --写入特征标:(0, 1, 1, 1)
[(0, 1, 1, 1), (0, 2, 2, 1), (0, 2, 1, 2), (1, 0, 1, 1), (2, 0, 2, 1), (2, 0, 1, 2)]


-- 2025-12-09 16:28:33 --写入特征标:(0, 1, 1, 0)
[(1, 1, 1, 1), (0, 1, 0, 1), (0, 1, 1, 0), (1, 2, 2, 1), (0, 2, 2, 0), (1, 2, 1, 2), (0, 2, 0, 2), (1, 1, 1, 1), (1, 0, 0, 1), (1, 0, 1, 0), (2, 1, 2, 1), (2, 0, 2, 0), (2, 1, 1, 2), (2, 0, 0, 2)]


-- 2025-12-09 21:24:46 --写入特征标:(3, 2, 1, 2)
[(3, 2, 1, 2), (3, 3, 1, 3), (4, 3, 1, 4)]


-- 2025-12-09 21:26:45 --写入特征标:(5, 2, 1, 2)
[(5, 2, 1, 2), (5, 3, 1, 3)]


-- 2025-12-09 21:27:02 --写入特征标:(5, 2, 0, 2)
[(5, 2, 0, 2), (5, 3, 0, 3)]


-- 2025-12-09 21:27:37 --写入特征标:(3, 1, 0, 1)
[(3, 1, 0, 1), (3, 2, 0, 2)]


-- 2025-12-09 21:28:55 --写入特征标:(2, 1, 0, 1)
[(2, 1, 0, 1), (2, 2, 0, 2), (3, 2, 0, 3)]


-- 2025-12-09 21:31:07 --写入特征标:(1, 1, 0, 1)
[(1, 1, 0, 1), (1, 2, 0, 2), (2, 1, 0, 2)]


-- 2025-12-09 21:31:18 --写入特征标:(1, 1, -1, 1)
[(1, 1, -1, 1), (1, 2, -1, 2), (2, 1, -1, 2)]


-- 2025-12-09 21:33:42 --写入特征标:(3, 1, 1, 1)
[(3, 1, 1, 1), (3, 2, 2, 1), (3, 2, 1, 2)]


-- 2025-12-09 21:35:10 --写入特征标:(2, 1, 1, 1)
[(2, 1, 1, 1), (2, 2, 2, 1), (2, 2, 1, 2), (3, 2, 3, 1), (3, 2, 1, 3)]


-- 2025-12-09 21:39:27 --写入特征标:(2, 3, 1, 3)
[(2, 3, 1, 3), (2, 4, 1, 4), (3, 2, 1, 3), (4, 2, 1, 4)]


-- 2025-12-09 21:39:57 --写入特征标:(2, 5, 1, 5)
[(2, 5, 1, 5), (2, 6, 1, 6), (5, 2, 1, 5), (6, 2, 1, 6)]


-- 2025-12-09 21:42:05 --写入特征标:(3, 0, 2, 0)
[(3, 0, 2, 0), (3, 1, 2, 1), (3, 0, 0, 2), (3, 1, 1, 2)]


-- 2025-12-09 21:44:59 --写入特征标:(4, 2, 2, 2)
[(4, 2, 2, 2), (4, 3, 3, 2), (4, 3, 2, 3)]


-- 2025-12-09 21:48:52 --写入特征标:(4, 1, 2, 1)
[(4, 2, 2, 2), (4, 1, 2, 1), (4, 1, 1, 2)]


-- 2025-12-09 21:52:24 --写入特征标:(3, 1, 2, 1)
[(3, 2, 2, 2), (3, 1, 2, 1), (3, 1, 1, 2)]


-- 2025-12-09 21:55:13 --写入特征标:(3, 1, 4, 1)
[(3, 1, 4, 1), (3, 2, 4, 2), (3, 1, 1, 4), (3, 2, 2, 4)]


-- 2025-12-09 21:56:15 --写入特征标:(5, 1, 7, 1)
[(5, 1, 7, 1), (5, 2, 7, 2), (5, 1, 1, 7), (5, 2, 2, 7)]


-- 2025-12-09 21:58:44 --写入特征标:(2, 1, 5, 1)
[(2, 1, 5, 1), (2, 2, 5, 2), (3, 2, 5, 3), (2, 1, 1, 5), (2, 2, 2, 5), (3, 2, 3, 5)]


-- 2025-12-09 22:02:40 --写入特征标:(2, 1, 4, 1)
[(2, 1, 4, 1), (2, 2, 4, 2), (3, 2, 4, 3), (2, 1, 1, 4), (2, 2, 2, 4), (3, 2, 3, 4)]


-- 2025-12-09 22:04:34 --写入特征标:(2, 1, 3, 1)
[(3, 2, 3, 3), (2, 2, 2, 3), (2, 2, 3, 2), (2, 1, 1, 3), (2, 1, 3, 1)]


-- 2025-12-09 22:08:03 --写入特征标:(1, 1, 3, 1)
[(2, 1, 3, 2), (1, 2, 3, 2), (1, 1, 3, 1), (2, 1, 2, 3), (1, 2, 2, 3), (1, 1, 1, 3)]


-- 2025-12-09 22:08:51 --写入特征标:(1, 1, 2, 1)
[(2, 1, 2, 2), (1, 2, 2, 2), (1, 1, 1, 2), (1, 1, 2, 1)]


-- 2025-12-09 22:10:54 --写入特征标:(1, 3, 2, 3)
[(1, 4, 2, 4), (1, 3, 2, 3), (4, 1, 2, 4), (3, 1, 2, 3)]


-- 2025-12-09 22:12:52 --写入特征标:(1, 2, 2, 2)
[(1, 2, 2, 2), (1, 3, 3, 2), (1, 3, 2, 3), (2, 1, 2, 2), (3, 1, 3, 2), (3, 1, 2, 3)]


-- 2025-12-09 22:16:12 --写入特征标:(1, 2, 4, 2)
[(1, 2, 4, 2), (1, 3, 4, 3), (1, 2, 2, 4), (1, 3, 3, 4), (2, 1, 4, 2), (3, 1, 4, 3), (2, 1, 2, 4), (3, 1, 3, 4)]


-- 2025-12-09 22:18:11 --写入特征标:(1, 2, 3, 2)
[(1, 3, 3, 3), (1, 2, 2, 3), (1, 2, 3, 2), (3, 1, 3, 3), (2, 1, 2, 3), (2, 1, 3, 2)]


-- 2025-12-09 22:29:25 --写入特征标:(4, 2, 2, 1)
[(4, 2, 2, 1), (4, 3, 3, 1), (4, 2, 1, 2), (4, 3, 1, 3)]


-- 2025-12-09 22:32:37 --写入特征标:(3, 2, 2, 1)
[(3, 2, 2, 1), (3, 3, 3, 1), (4, 3, 4, 1), (3, 2, 1, 2), (3, 3, 1, 3), (4, 3, 1, 4)]


-- 2025-12-09 22:34:56 --写入特征标:(2, 2, 2, 1)
[(3, 2, 3, 1), (2, 3, 3, 1), (2, 2, 2, 1), (3, 2, 1, 3), (2, 3, 1, 3), (2, 2, 1, 2)]


-- 2025-12-09 22:37:10 --写入特征标:(2, 3, 3, 1)
[(2, 3, 3, 1), (2, 4, 4, 1), (2, 3, 1, 3), (2, 4, 1, 4), (3, 2, 3, 1), (4, 2, 4, 1), (3, 2, 1, 3), (4, 2, 1, 4)]


-- 2025-12-09 22:39:32 --写入特征标:(4, 1, 1, 3)
[(4, 1, 1, 3), (4, 2, 2, 3)]


-- 2025-12-09 22:46:41 --写入特征标:(4, 1, 1, 2)
[(4, 1, 1, 2), (4, 2, 2, 2), (4, 3, 2, 3)]


-- 2025-12-09 22:51:33 --写入特征标:(3, 1, 1, 2)
[(3, 1, 1, 2), (3, 2, 2, 2), (3, 3, 2, 3), (4, 3, 2, 4)]


-- 2025-12-09 23:00:33 --写入特征标:(3, 1, 1, 4)
[(3, 1, 1, 4), (3, 2, 2, 4)]


-- 2025-12-09 23:05:38 --写入特征标:(2, 1, 1, 3)
[(4, 2, 3, 4), (3, 2, 3, 3), (2, 2, 2, 3), (2, 1, 1, 3)]


-- 2025-12-09 23:10:01 --写入特征标:(1, 1, 1, 3)
[(2, 1, 2, 3), (1, 2, 2, 3), (1, 1, 1, 3)]


-- 2025-12-09 23:14:14 --写入特征标:(1, 1, 1, 2)
[(1, 1, 1, 2), (2, 1, 2, 2), (1, 2, 2, 2), (3, 1, 2, 3), (1, 3, 2, 3)]


-- 2025-12-09 23:16:24 --写入特征标:(1, 3, 3, 2)
[(1, 4, 4, 2), (1, 3, 3, 2), (1, 4, 2, 4), (1, 3, 2, 3), (4, 1, 4, 2), (3, 1, 3, 2), (4, 1, 2, 4), (3, 1, 2, 3)]


-- 2025-12-09 23:18:07 --写入特征标:(1, 2, 2, 4)
[(1, 3, 3, 4), (1, 2, 2, 4), (3, 1, 3, 4), (2, 1, 2, 4)]


-- 2025-12-09 23:20:00 --写入特征标:(1, 2, 2, 3)
[(1, 2, 2, 3), (1, 3, 3, 3), (1, 4, 3, 4), (2, 1, 2, 3), (3, 1, 3, 3), (4, 1, 3, 4)]


-- 2025-12-09 23:24:17 --写入特征标:(3, 2, 1, 3)
[(3, 2, 1, 3), (4, 2, 1, 4)]


-- 2025-12-09 23:27:34 --写入特征标:(2, 4, 1, 2)
[(2, 4, 1, 2), (3, 4, 1, 3), (4, 2, 1, 2), (4, 3, 1, 3)]


-- 2025-12-09 23:28:48 --写入特征标:(2, 3, 1, 2)
[(2, 3, 1, 2), (3, 2, 1, 2), (3, 3, 1, 3)]


-- 2025-12-09 23:31:48 --写入特征标:(1, 3, 1, 1)
[(1, 3, 1, 1), (2, 3, 2, 1), (2, 3, 1, 2), (3, 1, 1, 1), (3, 2, 2, 1), (3, 2, 1, 2)]


-- 2025-12-09 23:33:44 --写入特征标:(1, 2, 1, 1)
[(1, 2, 1, 1), (2, 1, 1, 1), (2, 2, 2, 1), (2, 2, 1, 2)]


-- 2025-12-09 23:37:12 --写入特征标:(3, 1, 2, 3)
[(3, 1, 2, 3), (4, 1, 2, 4)]


-- 2025-12-09 23:39:24 --写入特征标:(2, 1, 2, 2)
[(2, 1, 2, 2), (3, 1, 3, 2), (3, 1, 2, 3)]


-- 2025-12-09 23:42:30 --写入特征标:(2, 1, 4, 2)
[(2, 1, 4, 2), (3, 1, 4, 3), (2, 1, 2, 4), (3, 1, 3, 4)]


-- 2025-12-09 23:45:45 --写入特征标:(2, 1, 3, 2)
[(3, 1, 3, 3), (2, 1, 2, 3), (2, 1, 3, 2)]


-- 2025-12-09 23:48:25 --写入特征标:(2, -2, 3, 2)
[(3, -2, 3, 3), (2, -2, 2, 3), (2, -2, 3, 2)]


-- 2025-12-09 23:51:39 --写入特征标:(1, 4, 3, 1)
[(1, 4, 3, 1), (2, 4, 3, 2), (1, 4, 1, 3), (2, 4, 2, 3), (4, 1, 3, 1), (4, 2, 3, 2), (4, 1, 1, 3), (4, 2, 2, 3)]


-- 2025-12-09 23:53:20 --写入特征标:(1, 3, 2, 1)
[(2, 3, 2, 2), (1, 3, 1, 2), (1, 3, 2, 1), (3, 2, 2, 2), (3, 1, 1, 2), (3, 1, 2, 1)]


-- 2025-12-10 14:59:44 --写入特征标:(1, 3, 4, 1)
[(1, 3, 4, 1), (2, 3, 4, 2), (1, 3, 1, 4), (2, 3, 2, 4), (3, 1, 4, 1), (3, 2, 4, 2), (3, 1, 1, 4), (3, 2, 2, 4)]


-- 2025-12-10 15:00:35 --写入特征标:(1, 2, 4, 1)
[(1, 2, 4, 1), (2, 1, 4, 1), (2, 2, 4, 2), (1, 2, 1, 4), (2, 1, 1, 4), (2, 2, 2, 4)]


-- 2025-12-10 15:03:40 --写入特征标:(1, 2, 3, 1)
[(1, 2, 3, 1), (2, 1, 3, 1), (2, 2, 3, 2), (1, 2, 1, 3), (2, 1, 1, 3), (2, 2, 2, 3)]


-- 2025-12-10 15:12:58 --写入特征标:(3, 2, 3, 1)
[(3, 2, 3, 1), (4, 2, 4, 1), (3, 2, 1, 3), (4, 2, 1, 4)]


-- 2025-12-10 15:14:59 --写入特征标:(2, 4, 2, 1)
[(2, 4, 2, 1), (3, 4, 3, 1), (2, 4, 1, 2), (3, 4, 1, 3), (4, 2, 2, 1), (4, 3, 3, 1), (4, 2, 1, 2), (4, 3, 1, 3)]


-- 2025-12-10 15:16:50 --写入特征标:(2, 3, 2, 1)
[(2, 3, 2, 1), (3, 2, 2, 1), (3, 3, 3, 1), (2, 3, 1, 2), (3, 2, 1, 2), (3, 3, 1, 3)]


-- 2025-12-10 15:19:47 --写入特征标:(3, 1, 3, 2)
[(3, 1, 3, 2), (4, 1, 4, 2), (3, 1, 2, 3), (4, 1, 2, 4)]


-- 2025-12-10 15:22:11 --写入特征标:(2, 1, 2, 4)
[(2, 1, 2, 4), (3, 1, 3, 4)]


-- 2025-12-10 15:23:52 --写入特征标:(2, 1, 2, 3)
[(4, 1, 3, 4), (3, 1, 3, 3), (2, 1, 2, 3)]


-- 2025-12-10 15:52:20 --写入特征标:(1, 4, 1, 3)
[(1, 4, 1, 3), (2, 4, 2, 3), (4, 1, 1, 3), (4, 2, 2, 3)]


-- 2025-12-10 15:53:38 --写入特征标:(1, 4, 1, 2)
[(1, 4, 1, 2), (2, 4, 2, 2), (3, 4, 2, 3), (4, 1, 1, 2), (4, 2, 2, 2), (4, 3, 2, 3)]


-- 2025-12-10 15:55:43 --写入特征标:(1, 3, 1, 2)
[(3, 3, 2, 3), (2, 3, 2, 2), (3, 2, 2, 2), (1, 3, 1, 2), (3, 1, 1, 2)]


-- 2025-12-10 15:59:45 --写入特征标:(1, 3, 1, 4)
[(1, 3, 1, 4), (2, 3, 2, 4), (3, 1, 1, 4), (3, 2, 2, 4)]


-- 2025-12-10 16:01:38 --写入特征标:(1, 2, 1, 3)
[(1, 2, 1, 3), (2, 1, 1, 3), (2, 2, 2, 3)]


-- 2025-12-10 16:07:54 --写入特征标:(3, 1, 1, 1, 1)
[(3, 1, 1, 1, 1), (3, 2, 1, 1, 2), (3, 1, 2, 1, 2), (3, 2, 1, 2, 1), (3, 1, 2, 2, 1), (3, 2, 2, 2, 2)]


-- 2025-12-10 16:11:04 --写入特征标:(2, 1, 1, 1, 1)
[(2, 1, 1, 1, 1), (2, 2, 1, 1, 2), (3, 2, 1, 1, 3), (2, 1, 2, 1, 2), (3, 1, 2, 1, 3), (2, 2, 1, 2, 1), (3, 2, 1, 3, 1), (2, 1, 2, 2, 1), (3, 1, 2, 3, 1), (2, 2, 2, 2, 2), (3, 2, 2, 3, 2), (3, 2, 2, 2, 3)]

